0 0 0 0 
0 0 0 0 
0 0 0 0 
0 0 0 0 
0 0 0 0 
0 0 0 0 
0 0 0 0 
0 0 0 0 
0 0 0 0 
0 0 0 0 
0 0 0 0 
0 0 0 0 
0 0 0 0 
0 0 0 0 
0 0 0 0 
0 0 0 0 
0 0 0 0 
0 0 0 0 
0 0 0 0 
0 0 0 0 
0 0 0 0 
1 0 6 1 
1 0 4 1 
1 0 4 1 
1 0 4 1 
1 0 4 1 
1 0 12 1 
1 0 10 1 
1 0 5 1 
0 0 0 0 
0 0 0 0 
0 0 0 0 
0 0 0 0 
0 0 0 0 
0 0 0 0 
0 0 0 0 
0 0 0 0 
0 0 0 0 
0 0 0 0 
1 0 1 1 
0 0 0 0 
0 0 0 0 
0 0 0 0 
0 0 0 0 
1 0 3 1 
1 0 3 1 
1 0 9 1 
4 1 2 0 
0 0 0 0 
0 0 0 0 
0 0 0 0 
6 0 0 0 
6 0 0 0 
6 0 0 0 
0 0 0 0 
0 0 0 0 
0 0 0 0 
1 0 1 1 
1 0 6 1 
0 0 0 0 
0 0 0 0 
5 2 0 1 
5 1 0 0 
5 1 0 0 
5 2 0 1 
4 -1 2 0 
1 0 2 1 
8 1 2 0 
1 0 2 1 
7 1 2 0 
6 0 0 0 
0 0 0 0 
0 0 0 0 
0 0 0 0 
0 0 0 0 
4 1 1 0 
4 -1 1 0 
0 0 0 0 
0 0 0 0 
0 0 0 0 
5 1 0 0 
5 1 0 0 
0 0 0 0 
0 0 0 0 
0 0 0 0 
0 0 0 0 
0 0 0 0 
0 0 0 0 
0 0 0 0 
0 0 0 0 
0 0 0 0 
0 0 0 0 
0 0 0 0 
1 0 1 1 
0 0 0 0 
0 0 0 0 
0 0 0 0 
0 0 0 0 
5 2 0 1 
5 2 0 1 
0 0 0 0 
0 0 0 0 
0 0 0 0 
0 0 0 0 
0 0 0 0 
0 0 0 0 
0 0 0 0 
0 0 0 0 
0 0 0 0 
0 0 0 0 
6 0 0 0 
7 1 1 0 
0 0 0 0 
0 0 0 0 
0 0 0 0 
0 0 0 0 
5 2 0 1 
5 2 0 1 
1 0 4 1 
0 0 0 0 
0 0 0 0 
0 0 0 0 
0 0 0 0 
0 0 0 0 
0 0 0 0 
0 0 0 0 
0 0 0 0 
0 0 0 0 
6 0 0 0 
6 0 0 0 
7 1 4 0 
1 0 4 1 
4 1 4 0 
1 0 4 1 
1 0 11 1 
1 0 1 1 
0 0 0 0 
0 0 0 0 
0 0 0 0 
0 0 0 0 
0 0 0 0 
0 0 0 0 
0 0 0 0 
0 0 0 0 
0 0 0 0 
0 0 0 0 
0 0 0 0 
0 0 0 0 
0 0 0 0 
0 0 0 0 
4 -1 4 0 
1 0 4 1 
1 0 4 1 
1 0 11 1 
0 0 0 0 
0 0 0 0 
0 0 0 0 
0 0 0 0 
0 0 0 0 
0 0 0 0 
0 0 0 0 
0 0 0 0 
0 0 0 0 
0 0 0 0 
0 0 0 0 
0 0 0 0 
0 0 0 0 
0 0 0 0 
0 0 0 0 
0 0 0 0 
0 0 0 0 
0 0 0 0 
0 0 0 0 
0 0 0 0 
0 0 0 0 
0 0 0 0 
0 0 0 0 
0 0 0 0 
0 0 0 0 
0 0 0 0 
1
4
570
10
0
